11101111101101010110 10010001 1100010110 101011011 100011100100 110100100000 111011100110011101 11001001001011 1110100101011110
 1001110011110111101011100 10101 11000010111 10001111001010011110100 11010100001101 11011111100110001101 11000111 11100100111010010
 101011101 101100 101010010110010101010101011 1010001 1100001101 1011100101110111 100011100100 11101010100110110
 1100 100101100111001 11101110010101010010100 10100001000101011011111011110 10000111101 1011001 1100010111 11000111
 100101100111001 111011100101010100 1010001 1100001101 110001010110111 11000111 110111001110111101011100 1100
 11101 111110011110101101 100111010011001 110001 11000010000 10101 11111001111101101001010100 11110110
 11 111011011111001110101 10101001111010000 110000 101011110110101011010101 101 10110 101010100110110111111101
 1100 110011111111111101100 11000111 11000010111 1011101101010111111011010100101110 100111011000 111110011110101101110 111110
 11101111010010101001011000101110101 110100 1100001101 101011101 1100010111 110000 1000010011110 1100001101
 10100101110101 111011011 110001 11110 10000111110101000 11001111111011010100 1000111110010000 1001111111
 11011011101010000 11110 111011101 100110000111 11101111111101101000011010100001101 111001110100 1011001001100100100 11000111
 10101 10011110110111 1100 110001 110000 11001111111011010100 1100001101 11101010101111101110
 1000111110010000 110000 1101101110101000010101 11101 1110101010111111001011 11100111110100101 1000011111101 101100
 111011010010 1100 1000111011011 1110011001 10010001 110000 100011110101110 10010001
 110000 1010111100 100100100111 1100 1000101101111110000111 11111001111010110110101 0100100101 1010001
 1100001110 111110 110010011000111000101011010111101000010101111101011100 100011110101110 10101100101001001100100101110100 1010111101 100001110111101011100 11011111110
 11000111 110000 1011101101010111111011010100101110 111110 11101111010010111010101 11 111011110011100111 111110111001
 101011101 11101111001010001011101000011101111101101010110 10101001111010000 11000111 101010011001011110 1011010011000 10011111011 111011011
 101001011 10101001011000110101101011101110011011101 10001100111 11 100101111110011101 10010001 11101111010010111010101 1011001
 1100111111101 110011111010011 10010001 11 10101111010000010101 111011011 11110111101011100 11000111
 11110110010001 1110011111101 1000010110010001 1000011101110 11000010000 100110111011010010 10001100111 10101010010101001
 101111100001111000110 1100001101 10011100111110011011101110111 10011000011110011101100 100011100100 1100 10001111010010100 11010100001101
 111101110 110000 11111110011111000001011 1001010 110101110 100011111111110000111 101101101 11011111100110001101101011100
 11000111 10001011111 10010001 110000 101010011111111 11011011101010000 101101101 111110011110101101110
 10011100111110011011 10010110011101 101111100001111000 110000 110011111101110101010111001 11011011101010000 101101101 101011010111011110101011100
 11 100111101010111 10010001 10101001000011101001101110110100 100111011000 110011111101110101010111001 10011110110111110101000011010100001100 11111110011111000001011110
 100011100100 110100100000 1110111001 100011001111001111010100 1101010000 1101010000111010010 1111111111000 10110
 11000111 11001111111011010100 11101001100110 100101 110000 100011110101 11000111 1100111110100111101
 11100100111010010 100111010011001 101100 1110111110110110100001011 111011011 10101101100101001011 11100100111010010 100111010011001
 1100100 100011110010100 11110111001111010110111000101010011001011 11101111010010101001011000 111011110010000101100110 11000111 101010110000111 10010001
 1100001100 11000101011100110 10110 1100100101011100 1100 10001111101110010110100 1101010000 101010011111111110
 101011101110111 100011100100 11101010100110110 1100 101000011101001111111011 1011100101011111000001011110 100111 100110000111
 10101100011001111000011110100101 11000111 110100010010011110 1101001000001001010 100011110 10101001000010000101101011 11 101011110100000
 100111 11000111 101101000010010111011111110110 010010101011010110100 11000111 1101001000001001010 010011100 10110
 1010110110010100101110100001010010100111010010 1011100101110111 1100010111 100101100111001 111011100101010100 10110010101111111100 101 10110
 101010010110001101011010111011100110100 111001001110 10010001 11100100111010010 1010100101100011010110 10101 10110010111000100101100111001 1110111111100110
 100011100110101110 100011111001011011110 111011011 111010011111010010011010000110101 1011110110010011101011100 11000111 1100001100 11100100111010010
 10000111101 100011100100 1100 01001001011111111100110011101 10110110100011101 11110011101011101 1100001000010100 100110100111010010010011110101
 1001110000110000111 100110 100011100100 11111001111010110111000101010011001011 11101111010010101001011000 100111 101100110101 11100100111010010
 100111011000100010010011011 10101100011001111000011110100101 1000111110010000 11000010111 100111100111101011111010101 10001001110101011100 1100 11011100100
 11000010111 11101110111111111010010111010100 111001110011110 1001101110 1011011010110010101011 1100 11101111001010101 110000
 1010110110010100101110101 11111011000110011111111101111010011101 1100010110 10011110011 100001001110 1001000110101 1100011101 1011001
 11101111001010101110 110000 1100111110100111101101000011010100001110 111110 10001111101101111101011110 10010001 110101111111110100101110 10011100001110
 10101010010101001 101011011101101110 1101000100111110011011 101100 1110111100101010101011 101100100011001110 11 10101001100101111011110
 10101101110110111010101 111011011 110000 101010011111111110 1101000100111110011011 1000011101110 11000111 1011010101011010100101
 111010101010011110111010111001001110110100 10001010001 11101 10101101100101001011 11100111110100101 10110 1100100101011100 1100
 1100111101001 10110010101111111100 10010001 11111001111010110111000101010011001011 11101111010010101001011000 100111 101111011001001110010101111000 10010001
 11 101011110100000 10110 101100101011100 101010010010011101011 11111110 11000 11
 100011010111101101010111001 101011110100000 11000111 100111010011001 101100 1011010010111101111101011100 1100 11000100111111011101101111010101
 10001100111 01001001110000111010010 11000 11101 111110011110101101 100011110 11101 011000101010111001
 10010110100110110011110100101 1100 111011101001111 1100011110100 10011101 110000 11111001111010110111000101010011001011 11101111010010101001011000
 1101111011011110 10101 110000 10011111101 10010001 1000101101111110000111 1011100101011100 1101001010000100101001110101011100
 11111001111010110111000101010011001011 11101111010010101001011000 10101 1001111111 11011011101010000 10010110011101 111001100110010011110 110000
 110011111010011110110101 110000 111101010100010101 111011011 110000 11101001001101111000111111001 1100 101110010000101011110
 1001111111 11010010101001110110101 1011011011101010 100111000111 111011101 1010111101101010110 10000111101 11011110110100001000001111111
 11001111111011010100 11011011101010000 1001111110 100011001111101101101011 100101 11101111001010101101011100 110000 11110110010001110
 10010001 110000 1010110110010100101110101 111011011 11000111 1101010000111010011101 1010111011011001 100011111011100101
 100111011000 111111010100011101010 111111110010110 100110101110 11111001111010110111000101010011001011 111011110100101010010110001010000011101111101101010110 10010001 1100010110
 101011011 100011100100 110100100000 111011100110011101 11001001001011 1110100101011110 1001110011110111101011100 10101
 11000010111 10001111001010011110100 11010100001101 11011111100110001101 11000111 11100100111010010 101011101 101100
 101010010110010101010101011 1010001 1100001101 1011100101110111 100011100100 11101010100110110 1100 100101100111001
 11101110010101010010100 10100001000101011011111011110 10000111101 1011001 1100010111 11000111 100101100111001 111011100101010100
 1010001 1100001101 110001010110111 11000111 110111001110111101011100 1100 11101 111110011110101101
 100111010011001 110001 11000010000 10101 11111001111101101001010100 11110110 11 111011011111001110101
 10101001111010000 110000 101011110110101011010101 101 10110 101010100110110111111101 1100 110011111111111101100
 11000111 11000010111 1011101101010111111011010100101110 100111011000 111110011110101101110 111110 11101111010010101001011000101110101 110100
 1100001101 101011101 1100010111 110000 1000010011110 1100001101 10100101110101 111011011
 110001 11110 10000111110101000 11001111111011010100 1000111110010000 1001111111 11011011101010000 11110
 111011101 100110000111 11101111111101101000011010100001101 111001110100 1011001001100100100 11000111 10101 10011110110111
 1100 110001 110000 11001111111011010100 1100001101 11101010101111101110 1000111110010000 110000
 1101101110101000010101 11101 1110101010111111001011 11100111110100101 1000011111101 101100 111011010010 1100
 1000111011011 1110011001 10010001 110000 100011110101110 10010001 110000 1010111100
 100100100111 1100 1000101101111110000111 11111001111010110110101 0100100101 1010001 1100001110 111110
 110010011000111000101011010111101000010101111101011100 100011110101110 10101100101001001100100101110100 1010111101 100001110111101011100 11011111110 11000111 110000
 1011101101010111111011010100101110 111110 11101111010010111010101 11 111011110011100111 111110111001 101011101 11101111001010001011101000011101111101101010110
 10101001111010000 11000111 101010011001011110 1011010011000 10011111011 111011011 101001011 10101001011000110101101011101110011011101
 10001100111 11 100101111110011101 10010001 11101111010010111010101 1011001 1100111111101 110011111010011
 10010001 11 10101111010000010101 111011011 11110111101011100 11000111 11110110010001 1110011111101
 1000010110010001 1000011101110 11000010000 100110111011010010 10001100111 10101010010101001 101111100001111000110 1100001101
 10011100111110011011101110111 10011000011110011101100 100011100100 1100 10001111010010100 11010100001101 111101110 110000
 11111110011111000001011 1001010 110101110 100011111111110000111 101101101 11011111100110001101101011100 11000111 10001011111
 10010001 110000 101010011111111 11011011101010000 101101101 111110011110101101110 10011100111110011011 10010110011101
 101111100001111000 110000 110011111101110101010111001 11011011101010000 101101101 101011010111011110101011100 11 100111101010111
 10010001 10101001000011101001101110110100 100111011000 110011111101110101010111001 10011110110111110101000011010100001100 11111110011111000001011110 100011100100 110100100000
 1110111001 100011001111001111010100 1101010000 1101010000111010010 1111111111000 10110 11000111 11001111111011010100
 11101001100110 100101 110000 100011110101 11000111 1100111110100111101 11100100111010010 100111010011001
 101100 1110111110110110100001011 111011011 10101101100101001011 11100100111010010 100111010011001 1100100 100011110010100
 11110111001111010110111000101010011001011 11101111010010101001011000 111011110010000101100110 11000111 101010110000111 10010001 1100001100 11000101011100110
 10110 1100100101011100 1100 10001111101110010110100 1101010000 101010011111111110 101011101110111 100011100100
 11101010100110110 1100 101000011101001111111011 1011100101011111000001011110 100111 100110000111 10101100011001111000011110100101 11000111
 110100010010011110 1101001000001001010 100011110 10101001000010000101101011 11 101011110100000 100111 11000111
 101101000010010111011111110110 010010101011010110100 11000111 1101001000001001010 010011100 10110 1010110110010100101110100001010010100111010010 1011100101110111
 1100010111 100101100111001 111011100101010100 10110010101111111100 101 10110 101010010110001101011010111011100110100 111001001110
 10010001 11100100111010010 1010100101100011010110 10101 10110010111000100101100111001 1110111111100110 100011100110101110 100011111001011011110
 111011011 111010011111010010011010000110101 1011110110010011101011100 11000111 1100001100 11100100111010010 10000111101 100011100100
 1100 01001001011111111100110011101 10110110100011101 11110011101011101 1100001000010100 100110100111010010010011110101 1001110000110000111 100110
 100011100100 11111001111010110111000101010011001011 11101111010010101001011000 100111 101100110101 11100100111010010 100111011000100010010011011 10101100011001111000011110100101
 1000111110010000 11000010111 100111100111101011111010101 10001001110101011100 1100 11011100100 11000010111 11101110111111111010010111010100
 111001110011110 1001101110 1011011010110010101011 1100 11101111001010101 110000 1010110110010100101110101 11111011000110011111111101111010011101
 1100010110 10011110011 100001001110 1001000110101 1100011101 1011001 11101111001010101110 110000
 110011111010011110110100011010100001110 111110 10001111101101111101011110 10010001 110101111111110100101110 10011100001110 10101010010101001 101011011101101110
 1101000100111110011011 101100 1110111100101010101011 101100100011001110 11 10101001100101111011110 10101101110110111010101 111011011
 110000 101010011111111110 1101000100111110011011 1000011101110 11000111 1011010101011010100101 111010101010011110111010111001001110110100 10001010001
 11101 10101101100101001011 11100111110100101 10110 1100100101011100 1100 1100111101001 10110010101111111100
 10010001 11111001111010110111000101010011001011 11101111010010101001011000 100111 101111011001001110010101111000 10010001 11 101011110100000
 10110 101100101011100 101010010010011101011 11111110 11000 11 100011010111101101010111001 101011110100000
 11000111 100111010011001 101100 1011010010111101111101011100 1100 11000100111111011101101111010101 10001100111 01001001110000111010010
 11000 11101 111110011110101101 100011110 11101 011000101010111001 10010110100110110011110100101 1100
 111011101001111 1100011110100 10011101 110000 11111001111010110111000101010011001011 11101111010010101001011000 1101111011011110 10101
 110000 10011111101 10010001 1000101101111110000111 1011100101011100 110100101000100101001110101011100 11111001111010110111000101010011001011 11101111010010101001011000
 10101 1001111111 11011011101010000 10010110011101 111001100110010011110 110000 110011111010011110110101 110000
 111101010100010101 111011011 110000 11101001001101111000111111001 1100 101110010000101011110 1001111111 11010010101001110110101
 1011011011101010 100111000111 111011101 1010111101101010110 10000111101 11011110110100001000001111111 11001111111011010100 11011011101010000
 1001111110 100011001111101101101011 100101 11101111001010101101011100 110000 11110110010001110 10010001 110000
 1010110110010100101110101 111011011 11000111 1101010000111010011101 1010111011011001 100011111011100101 100111011000 111111010100011101010
 111111110010110 100110101110 11111001111010110111000101010011001011 111011110100101010010110001010010100